+	.	:	*	mean1	mean2	mean3	mean4	target
0.166666667	0	0	0.833333333	0.694444444	1	1	1	stable
0	1	0	0	1	0	1	1	stable
0	0	1	0	1	1	0	1	stable
1	0	0	0	0	1	1	0.885813149	stable
0.6	0	0	0.4	0.16	1	1	0.36	stable
0.6	0	0	0.4	0.16	1	1	1	stable
0	0	1	0	1	1	0	1	stable
1	0	0	0	0	1	1	1	stable
0	0	1	0	1	1	0	0.669421488	stable
0.333333333	0.333333333	0	0.333333333	0.444444444	0.444444444	1	0.444444444	stable
0	0.333333333	0.333333333	0.333333333	1	0.444444444	0.444444444	1	stable
1	0	0	0	0	1	1	1	stable
0.75	0.25	0	0	0.0625	0.5625	1	1	stable
0.8	0.2	0	0	0.04	0.64	1	0.840277778	stable
0	0	1	0	1	1	0	1	stable
0	0	1	0	1	1	0	0	stable
0	0	0	1	1	1	1	0.36	stable
0.684210526	0.052631579	0.052631579	0.210526316	0.099722992	0.897506925	0.897506925	1	stable
0.363636364	0.272727273	0.363636364	0	0.404958678	0.52892562	0.404958678	1	stable
0.95	0	0.05	0	0.0025	1	0.9025	1	stable
1	0	0	0	0	1	1	1	stable
1	0	0	0	0	1	1	1	stable
0.05	0	0.95	0	0.9025	1	0.0025	1	stable
0.545454545	0	0.454545455	0	0.20661157	1	0.297520661	1	stable
0.5	0	0.5	0	0.25	1	0.25	1	stable
0.2	0	0.266666667	0.533333333	0.64	1	0.537777778	1	stable
0.545454545	0	0.454545455	0	0.20661157	1	0.297520661	0.694444444	stable
0.5	0.333333333	0	0.166666667	0.25	0.444444444	1	1	stable
0.5	0.5	0	0	0.25	0.25	1	0.16	stable
0.133333333	0	0.266666667	0.6	0.751111111	1	0.537777778	0.49	stable
0.35	0	0.4	0.25	0.4225	1	0.36	1	stable
0.85	0.15	0	0	0.0225	0.7225	1	1	stable
0.85	0.15	0	0	0.0225	0.7225	1	0.4225	stable
0.3	0	0.35	0.35	0.49	1	0.4225	0.444444444	stable
0.611111111	0	0.055555556	0.333333333	0.151234568	1	0.891975309	0.765625	stable
0.3125	0.5625	0	0.125	0.47265625	0.19140625	1	1	stable
0.933333333	0.066666667	0	0	0.004444444	0.871111111	1	1	stable
0.214285714	0.785714286	0	0	0.617346939	0.045918367	1	0.49	stable
0.5	0	0.2	0.3	0.25	1	0.64	0.2025	stable
0.2	0.25	0	0.55	0.64	0.5625	1	1	stable
0.533333333	0	0.466666667	0	0.217777778	1	0.284444444	1	stable
1	0	0	0	0	1	1	0.81	stable
0.9	0	0	0.1	0.01	1	1	1	stable
1	0	0	0	0	1	1	0.326530612	stable
0.571428571	0	0	0.428571429	0.183673469	1	1	1	stable
0.222222222	0	0.666666667	0.111111111	0.604938272	1	0.111111111	1	stable
0.538461538	0.461538462	0	0	0.213017751	0.289940828	1	0.5625	stable
0.466666667	0.066666667	0.066666667	0.4	0.284444444	0.871111111	0.871111111	0.87890625	stable
0.5	0	0.25	0.25	0.25	1	0.5625	1	stable
0.947368421	0	0.052631579	0	0.002770083	1	0.897506925	1	stable
1	0	0	0	0	1	1	0.81	stable
0.85	0.05	0	0.1	0.0225	0.9025	1	1	stable
0.944444444	0	0.055555556	0	0.00308642	1	0.891975309	0.871111111	stable
0.866666667	0.066666667	0	0.066666667	0.017777778	0.871111111	1	0.49	stable
0.2	0	0.5	0.3	0.64	1	0.25	0.074380165	stable
0.181818182	0	0.090909091	0.727272727	0.669421488	1	0.826446281	1	stable
0.35	0.65	0	0	0.4225	0.1225	1	1	stable
0.210526316	0	0.789473684	0	0.623268698	1	0.04432133	1	stable
0	0	1	0	1	1	0	1	unaffected
0.6	0	0	0.4	0.16	1	1	0.36	unaffected
0.6	0	0	0.4	0.16	1	1	1	unaffected
1	0	0	0	0	1	1	0.9025	unaffected
0.6	0	0	0.4	0.16	1	1	0.510204082	unaffected
0.428571429	0	0.285714286	0.285714286	0.326530612	1	0.510204082	1	unaffected
1	0	0	0	0	1	1	0.826446281	unaffected
0.545454545	0.363636364	0	0.090909091	0.20661157	0.404958678	1	0.027777778	unaffected
0.75	0.25	0	0	0.0625	0.5625	1	0.444444444	unaffected
0.166666667	0	0.5	0.333333333	0.694444444	1	0.25	0.25	unaffected
0.5	0	0	0.5	0.25	1	1	1	unaffected
0.05	0.25	0.7	0	0.9025	0.5625	0.09	1	unaffected
0.95	0.05	0	0	0.0025	0.9025	1	0.0625	unaffected
0	0.2	0.05	0.75	1	0.64	0.9025	1	unaffected
0	0	1	0	1	1	0	0.840277778	unaffected
0	0	0.916666667	0.083333333	1	1	0.006944444	0.897506925	unaffected
0.473684211	0	0.473684211	0.052631579	0.27700831	1	0.27700831	0.897506925	unaffected
0.421052632	0	0.526315789	0.052631579	0.335180055	1	0.224376731	1	unaffected
1	0	0	0	0	1	1	1	unaffected
0.05	0.05	0.9	0	0.9025	0.9025	0.01	1	unaffected
0	0	1	0	1	1	0	1	unaffected
0	0.6	0.4	0	1	0.16	0.36	1	unaffected
0.333333333	0.333333333	0	0.333333333	0.444444444	0.444444444	1	0.111111111	unaffected
0	0.333333333	0	0.666666667	1	0.444444444	1	1	unaffected
0.45	0.3	0.25	0	0.3025	0.49	0.5625	1	unaffected
0.35	0	0.65	0	0.4225	1	0.1225	1	unaffected
0	0	1	0	1	1	0	1	unaffected
0	0	1	0	1	1	0	1	unaffected
0	1	0	0	1	0	1	1	unaffected
1	0	0	0	0	1	1	1	unaffected
0.05	0.15	0.8	0	0.9025	0.7225	0.04	1	unaffected
0	0.7	0.3	0	1	0.09	0.49	1	unaffected
0	0.6	0.4	0	1	0.16	0.36	0.9025	unaffected
0	0	0.95	0.05	1	1	0.0025	1	unaffected
1	0	0	0	0	1	1	1	unaffected
1	0	0	0	0	1	1	1	unaffected
0.9	0	0.1	0	0.01	1	0.81	1	unaffected
1	0	0	0	0	1	1	1	unaffected
0	0	1	0	1	1	0	0.852071006	unaffected
0	0	0.923076923	0.076923077	1	1	0.00591716	1	unaffected
0.2	0	0.8	0	0.64	1	0.04	1	unaffected
0	0.2	0.8	0	1	0.64	0.04	0.36	unaffected
0	0	1	0	1	1	0	1	unaffected
0	0	1	0	1	1	0	1	unaffected
0	0.090909091	0.727272727	0.181818182	1	0.826446281	0.074380165	1	unaffected
0	0.5	0.5	0	1	0.25	0.25	1	unaffected
0.45	0.5	0.05	0	0.3025	0.25	0.9025	1	unaffected
0.55	0.45	0	0	0.2025	0.3025	1	0.25	unaffected
0	0	0.5	0.5	1	1	0.25	1	unaffected
0	0	1	0	1	1	0	0.444444444	unaffected
0	1	0	0	1	0	1	0.444444444	unaffected
0.333333333	0.333333333	0	0.333333333	0.444444444	0.444444444	1	1	unaffected
1	0	0	0	0	1	1	1	unaffected
0	1	0	0	1	0	1	1	unaffected
0.65	0.1	0.25	0	0.1225	0.81	0.5625	0.16	unaffected
0	0.4	0	0.6	1	0.36	1	1	unaffected
0.15	0.85	0	0	0.7225	0.0225	1	1	unaffected
0	0	0.4	0.6	1	1	0.36	1	unaffected
1	0	0	0	0	1	1	1	destable
0	0	1	0	1	1	0	0.36	destable
0.9	0	0.05	0.05	0.01	1	0.9025	1	destable
0.95	0.05	0	0	0.0025	0.9025	1	0.36	destable
0.05	0.15	0.8	0	0.9025	0.7225	0.04	1	destable
0	1	0	0	1	0	1	0.444444444	destable
0	0.333333333	0	0.666666667	1	0.444444444	1	0.111111111	destable
1	0	0	0	0	1	1	1	destable
1	0	0	0	0	1	1	0	destable
0	0	0	1	1	1	1	1	destable
0.941176471	0	0	0.058823529	0.003460208	1	1	1	destable
0.909090909	0	0.090909091	0	0.008264463	1	0.826446281	1	destable
0	0	1	0	1	1	0	1	destable
1	0	0	0	0	1	1	0.16	destable
0	0	0.6	0.4	1	1	0.16	0.3025	destable
1	0	0	0	0	1	1	0.444444444	destable
0.666666667	0.166666667	0	0.166666667	0.111111111	0.694444444	1	1	destable
0.944444444	0	0	0.055555556	0.00308642	1	1	1	destable
0.95	0	0	0.05	0.0025	1	1	1	destable
0	0	1	0	1	1	0	0.9025	destable
0	1	0	0	1	0	1	1	destable
1	0	0	0	0	1	1	1	destable
0	1	0	0	1	0	1	0.9025	destable
0.95	0	0.05	0	0.0025	1	0.9025	1	destable
0	0	1	0	1	1	0	1	destable
0	0	1	0	1	1	0	1	destable
1	0	0	0	0	1	1	1	destable
0	1	0	0	1	0	1	1	destable
0.636363636	0	0.272727273	0.090909091	0.132231405	1	0.52892562	1	destable
1	0	0	0	0	1	1	0.16	destable
0.9	0.1	0	0	0.01	0.81	1	1	destable
1	0	0	0	0	1	1	0.778546713	destable
1	0	0	0	0	1	1	1	destable
1	0	0	0	0	1	1	1	destable
0.052631579	0.947368421	0	0	0.897506925	0.002770083	1	1	destable
0.8	0.2	0	0	0.04	0.64	1	1	destable
0.95	0	0.05	0	0.0025	1	0.9025	1	destable
0.8	0	0	0.2	0.04	1	1	0.64	destable
0	0	0.8	0.2	1	1	0.04	0.64	destable
0	0.8	0	0.2	1	0.04	1	1	destable
0.9	0	0.1	0	0.01	1	0.81	1	destable
0.9	0	0.1	0	0.01	1	0.81	1	destable
0.9	0	0.1	0	0.01	1	0.81	1	destable
0.9	0	0.1	0	0.01	1	0.81	1	destable
0.4	0	0	0.6	0.36	1	1	1	destable
0	0	0	1	1	1	1	0.9025	destable
0.25	0.1	0.05	0.6	0.5625	0.81	0.9025	0.4225	destable
0.25	0.35	0.05	0.35	0.5625	0.4225	0.9025	0.9025	destable
1	0	0	0	0	1	1	1	destable
0	0	1	0	1	1	0	0.64	destable
0	0	0.8	0.2	1	1	0.04	1	destable
0.95	0	0	0.05	0.0025	1	1	1	destable
1	0	0	0	0	1	1	1	destable
1	0	0	0	0	1	1	0.36	destable
1	0	0	0	0	1	1	1	destable
0.05	0	0.95	0	0.9025	1	0.0025	0.734693878	destable
0.714285714	0	0.142857143	0.142857143	0.081632653	1	0.734693878	1	destable
0	0	0.5	0.5	1	1	0.25	1	destable
