+	.	:	*	target
1	0	0	0	stable
1	0	0	0	stable
0.85	0.05	0	0.1	stable
0.95	0	0	0.05	stable
0.9	0	0	0.1	stable
0.571428571	0	0	0.428571429	stable
0.5	0	0.25	0.25	stable
0	0	0	1	stable
1	0	0	0	stable
1	0	0	0	stable
1	0	0	0	stable
0.866666667	0.066666667	0	0.066666667	stable
0.933333333	0.066666667	0	0	stable
0.5	0	0.2	0.3	stable
1	0	0	0	stable
1	0	0	0	stable
1	0	0	0	stable
0.611111111	0	0.055555556	0.333333333	stable
0.6	0	0	0.4	stable
0.2	0.25	0	0.55	stable
1	0	0	0	stable
0.85	0.15	0	0	stable
0.214285714	0.785714286	0	0	stable
0.5	0.333333333	0	0.166666667	stable
1	0	0	0	stable
0.363636364	0.272727273	0.363636364	0	stable
0.947368421	0	0.052631579	0	stable
0.466666667	0.066666667	0.066666667	0.4	stable
0.05	0	0.95	0	stable
0.181818182	0	0.090909091	0.727272727	stable
0.9	0.05	0	0.05	stable
1	0	0	0	stable
0.210526316	0	0.789473684	0	stable
0.722222222	0	0.222222222	0.055555556	stable
0.545454545	0	0.454545455	0	stable
0.9	0	0	0.1	stable
0.133333333	0	0.266666667	0.6	stable
0.555555556	0	0.111111111	0.333333333	stable
0.428571429	0.214285714	0.071428571	0.285714286	stable
1	0	0	0	stable
0.3125	0.5625	0	0.125	stable
1	0	0	0	stable
0.769230769	0.153846154	0	0.076923077	stable
0.75	0	0	0.25	stable
0.923076923	0	0	0.076923077	stable
0.3	0	0.35	0.35	stable
0.315789474	0.315789474	0.210526316	0.157894737	stable
0.545454545	0	0.454545455	0	stable
1	0	0	0	stable
0.5	0.5	0	0	stable
0.75	0.25	0	0	stable
1	0	0	0	stable
0.65	0.15	0.2	0	stable
0.777777778	0	0	0.222222222	stable
0.944444444	0	0.055555556	0	stable
0.35	0	0.4	0.25	stable
1	0	0	0	stable
0.2	0	0.266666667	0.533333333	stable
0.611111111	0.055555556	0	0.333333333	stable
0.8	0.2	0	0	stable
1	0	0	0	stable
0.7	0.3	0	0	stable
0.533333333	0	0.466666667	0	stable
0.142857143	0.571428571	0	0.285714286	stable
1	0	0	0	stable
0.85	0.15	0	0	stable
0.421052632	0	0.578947368	0	stable
0.916666667	0	0	0.083333333	stable
0.461538462	0	0.538461538	0	stable
0.75	0.25	0	0	stable
0.35	0.65	0	0	stable
0.235294118	0	0.647058824	0.117647059	stable
0.470588235	0.294117647	0	0.235294118	stable
0	0	1	0	stable
0.5	0	0.5	0	stable
0.454545455	0.181818182	0	0.363636364	stable
0.235294118	0.352941176	0.294117647	0.117647059	stable
1	0	0	0	stable
0.2	0	0.5	0.3	stable
1	0	0	0	stable
0.538461538	0.461538462	0	0	stable
0	0	0.875	0.125	stable
0.166666667	0	0	0.833333333	stable
0	0	1	0	stable
0.923076923	0.076923077	0	0	stable
0	1	0	0	stable
0.6	0	0	0.4	stable
0.333333333	0.333333333	0	0.333333333	stable
1	0	0	0	stable
0.222222222	0	0.666666667	0.111111111	stable
1	0	0	0	stable
0	0	1	0	stable
1	0	0	0	stable
0	0.333333333	0.333333333	0.333333333	stable
0.666666667	0.277777778	0	0.055555556	stable
0	0.8	0	0.2	stable
1	0	0	0	stable
0.222222222	0	0	0.777777778	stable
0	0	1	0	stable
0.95	0	0.05	0	stable
0.35	0.6	0.05	0	stable
0.111111111	0.166666667	0.555555556	0.166666667	stable
0	0	1	0	stable
0.5	0.1875	0.1875	0.125	stable
0.789473684	0	0.210526316	0	stable
0	0	0.8	0.2	stable
0.133333333	0.266666667	0	0.6	stable
0.684210526	0.052631579	0.052631579	0.210526316	stable
0.6	0	0	0.4	stable
0	0	0	1	stable
0.15	0.8	0	0.05	stable
0.9	0.1	0	0	stable
1	0	0	0	stable
1	0	0	0	stable
0.473684211	0	0.473684211	0.052631579	stable
0.733333333	0	0	0.266666667	stable
0.928571429	0.071428571	0	0	stable
0.545454545	0.363636364	0	0.090909091	stable
0	0.2	0.05	0.75	stable
0	0	1	0	stable
0.1	0.15	0.15	0.6	stable
1	0	0	0	stable
1	0	0	0	stable
1	0	0	0	stable
0	0	1	0	stable
0.95	0.05	0	0	stable
0	0	1	0	stable
0.933333333	0	0	0.066666667	stable
0.571428571	0.285714286	0.142857143	0	stable
0.769230769	0	0.153846154	0.076923077	stable
0.428571429	0	0.285714286	0.285714286	stable
1	0	0	0	stable
1	0	0	0	stable
0	0	1	0	stable
1	0	0	0	stable
1	0	0	0	stable
0	0	1	0	stable
0.2	0	0.8	0	stable
0.05	0.15	0.8	0	stable
0.882352941	0.117647059	0	0	stable
0.333333333	0.333333333	0	0.333333333	stable
0.7	0	0	0.3	stable
0.7	0	0.1	0.2	stable
0.8	0.15	0	0.05	stable
1	0	0	0	stable
0.4375	0	0.5	0.0625	stable
1	0	0	0	stable
0.571428571	0.428571429	0	0	stable
0	0.6	0.4	0	stable
0.166666667	0.75	0	0.083333333	stable
0.6	0	0	0.4	stable
1	0	0	0	stable
1	0	0	0	stable
0.55	0.45	0	0	stable
0	0	0	1	stable
1	0	0	0	stable
0.421052632	0	0.526315789	0.052631579	stable
0	1	0	0	stable
0	0	1	0	stable
1	0	0	0	stable
1	0	0	0	stable
0.35	0	0.65	0	stable
0	0	1	0	stable
0.95	0	0	0.05	unchanged
0.9	0	0.05	0.05	unchanged
1	0	0	0	unchanged
1	0	0	0	unchanged
0.9	0	0.1	0	unchanged
0.9	0	0.1	0	unchanged
0	0	1	0	unchanged
0.769230769	0.153846154	0	0.076923077	unchanged
0	0	0.916666667	0.083333333	unchanged
1	0	0	0	unchanged
0.95	0.05	0	0	unchanged
0.3125	0	0	0.6875	unchanged
0	0	0.923076923	0.076923077	unchanged
1	0	0	0	unchanged
0.95	0	0.05	0	unchanged
0.2	0	0.8	0	unchanged
0	0.6	0.4	0	unchanged
0	0	0.266666667	0.733333333	unchanged
0	1	0	0	unchanged
0.95	0	0	0.05	unchanged
0.9	0	0.1	0	unchanged
0.15	0	0.85	0	unchanged
0.9	0	0.1	0	unchanged
0.117647059	0.117647059	0.647058824	0.117647059	unchanged
0.636363636	0.363636364	0	0	unchanged
0.75	0.25	0	0	unchanged
0	0.333333333	0	0.666666667	unchanged
0	0.4	0	0.6	unchanged
0.15	0.35	0	0.5	unchanged
0.95	0	0	0.05	unchanged
0.8	0	0.15	0.05	unchanged
0	0	0.95	0.05	unchanged
0.45	0.3	0.25	0	unchanged
0	0.2	0.8	0	unchanged
0	0	1	0	unchanged
0	0	1	0	unchanged
1	0	0	0	unchanged
0.05	0.25	0.7	0	unchanged
0	0	1	0	unchanged
0.95	0	0.05	0	unchanged
1	0	0	0	unchanged
1	0	0	0	unchanged
1	0	0	0	unchanged
0.2	0.8	0	0	unchanged
0.6	0	0	0.4	unchanged
0.3	0.4	0.05	0.25	unchanged
0.45	0.5	0.05	0	unchanged
0	0	1	0	unchanged
0.875	0	0	0.125	unchanged
0.5	0	0	0.5	unchanged
0.5	0	0	0.5	unstable
0	0	0.95	0.05	unstable
0.9	0	0.1	0	unstable
1	0	0	0	unstable
0	0	1	0	unstable
1	0	0	0	unstable
0	0	0.4	0.6	unstable
0.05	0.05	0.9	0	unstable
0	1	0	0	unstable
0.65	0.1	0.25	0	unstable
0.3	0.4	0	0.3	unstable
0.85	0	0	0.15	unstable
0.25	0	0.75	0	unstable
0	0	1	0	unstable
0.857142857	0	0	0.142857143	unstable
0.923076923	0	0	0.076923077	unstable
0.384615385	0.307692308	0.230769231	0.076923077	unstable
0	0.090909091	0.727272727	0.181818182	unstable
0.6	0	0	0.4	unstable
0.95	0	0.05	0	unstable
1	0	0	0	unstable
0.9	0	0.1	0	unstable
0	0.7	0.3	0	unstable
0	0	1	0	unstable
0.2	0	0.8	0	unstable
0	1	0	0	unstable
0	0	0.5	0.5	unstable
0	0	0	1	unstable
1	0	0	0	unstable
1	0	0	0	unstable
1	0	0	0	unstable
0.875	0	0	0.125	unstable
0.5	0.25	0.125	0.125	unstable
0.166666667	0	0.5	0.333333333	unstable
1	0	0	0	unstable
0.9	0	0.1	0	unstable
1	0	0	0	unstable
0	0	0.55	0.45	unstable
1	0	0	0	unstable
0	0.5	0.5	0	unstable
0.769230769	0	0.076923077	0.153846154	unstable
0.8	0	0	0.2	unstable
0	0	1	0	unstable
0.333333333	0.333333333	0	0.333333333	unstable
0.95	0	0	0.05	unstable
0	0	0.4	0.6	unstable
0.9	0	0.1	0	unstable
0.9	0	0.1	0	unstable
0.15	0.85	0	0	unstable
0.222222222	0.555555556	0	0.222222222	unstable
0	0.05	0.25	0.7	unstable
0.15	0	0.6	0.25	unstable
1	0	0	0	unstable
0.9	0	0.1	0	unstable
0.6	0.4	0	0	unstable
1	0	0	0	unstable
0.461538462	0.076923077	0	0.461538462	unstable
0.666666667	0	0	0.333333333	unstable
0	0	0	1	unstable
0.941176471	0	0	0.058823529	unstable
1	0	0	0	unstable
1	0	0	0	unstable
0.95	0	0.05	0	unstable
0	0	1	0	unstable
1	0	0	0	unstable
0.9	0	0.1	0	unstable
0	0	1	0	unstable
1	0	0	0	unstable
0.636363636	0	0.272727273	0.090909091	unstable
0	0.8	0	0.2	unstable
1	0	0	0	unstable
0.9	0	0.1	0	unstable
0.052631579	0.947368421	0	0	unstable
0	0.333333333	0	0.666666667	unstable
0	0	0.6	0.4	unstable
0.95	0	0	0.05	unstable
1	0	0	0	unstable
0.9	0	0.1	0	unstable
0.8	0.2	0	0	unstable
0	0	1	0	unstable
0.666666667	0.166666667	0	0.166666667	unstable
0.25	0.35	0.05	0.35	unstable
0	0	0.8	0.2	unstable
1	0	0	0	unstable
0	1	0	0	unstable
0	0	1	0	unstable
0	1	0	0	unstable
0	0	0.8	0.2	unstable
0	0	0.5	0.5	unstable
1	0	0	0	unstable
0.4	0	0	0.6	unstable
0.714285714	0	0.142857143	0.142857143	unstable
0.9	0	0.1	0	unstable
0.95	0	0.05	0	unstable
0.9	0.1	0	0	unstable
0.05	0	0.95	0	unstable
0.95	0.05	0	0	unstable
1	0	0	0	unstable
0.05	0.15	0.8	0	unstable
0	0	0	1	unstable
0.909090909	0	0.090909091	0	unstable
0	0	1	0	unstable
1	0	0	0	unstable
0.25	0.1	0.05	0.6	unstable
0	0	1	0	unstable
1	0	0	0	unstable
1	0	0	0	unstable
0	1	0	0	unstable
0	1	0	0	unstable
1	0	0	0	unstable
1	0	0	0	unstable
0.8	0	0	0.2	unstable
0.95	0	0	0.05	unstable
1	0	0	0	unstable
0.9	0	0.05	0.05	unstable
0.944444444	0	0	0.055555556	unstable
